ampl: model LossyDCOPF_M2.mod;

Presolve eliminates 339 constraints and 6 variables.
Adjusted problem:
289 variables, all linear
193 constraints, all linear; 696 nonzeros
	193 equality constraints
1 linear objective; 78 nonzeros.

Gurobi 9.1.1: mipgap = 0.0
Gurobi 9.1.1: optimal solution; objective 183198.78
60 simplex iterations
iter = 1

dTloss = 2.65487


Presolve eliminates 339 constraints and 126 variables.
Adjusted problem:
289 variables, all linear
193 constraints, all linear; 696 nonzeros
	193 equality constraints
1 linear objective; 78 nonzeros.

Gurobi 9.1.1: mipgap = 0.0
Gurobi 9.1.1: optimal solution; objective 203043.9601
63 simplex iterations
iter = 2

dTloss = -0.112738


Presolve eliminates 339 constraints and 126 variables.
Adjusted problem:
289 variables, all linear
193 constraints, all linear; 696 nonzeros
	193 equality constraints
1 linear objective; 78 nonzeros.

Gurobi 9.1.1: mipgap = 0.0
Gurobi 9.1.1: optimal solution; objective 202201.2455
63 simplex iterations
iter = 3

dTloss = 0.00264907


Presolve eliminates 339 constraints and 126 variables.
Adjusted problem:
289 variables, all linear
193 constraints, all linear; 696 nonzeros
	193 equality constraints
1 linear objective; 78 nonzeros.

Gurobi 9.1.1: mipgap = 0.0
Gurobi 9.1.1: optimal solution; objective 202221.0473
63 simplex iterations
iter = 4

dTloss = -6.44284e-05


Presolve eliminates 339 constraints and 126 variables.
Adjusted problem:
289 variables, all linear
193 constraints, all linear; 696 nonzeros
	193 equality constraints
1 linear objective; 78 nonzeros.

Gurobi 9.1.1: mipgap = 0.0
Gurobi 9.1.1: optimal solution; objective 202220.5657
63 simplex iterations
iter = 5

dTloss = 1.56573e-06


Presolve eliminates 339 constraints and 126 variables.
Adjusted problem:
289 variables, all linear
193 constraints, all linear; 696 nonzeros
	193 equality constraints
1 linear objective; 78 nonzeros.

Gurobi 9.1.1: mipgap = 0.0
Gurobi 9.1.1: optimal solution; objective 202220.5774
63 simplex iterations
iter = 6

dTloss = -3.80507e-08


Presolve eliminates 339 constraints and 126 variables.
Adjusted problem:
289 variables, all linear
193 constraints, all linear; 696 nonzeros
	193 equality constraints
1 linear objective; 78 nonzeros.

Gurobi 9.1.1: mipgap = 0.0
Gurobi 9.1.1: optimal solution; objective 202220.5772
63 simplex iterations
iter = 7

dTloss = 9.24716e-10

bus_angle [*] :=
 1 -0.436297     20 -0.0208862    39 -0.135123     58 -0.633865
 2 -0.439012     21  0.083819     40 -0.14075      59 -0.455578
 3 -0.362734     22  0.195948     41 -0.0529268    60 -0.44192
 4 -0.472971     23 -0.0131486    42 -0.0316529    61 -0.41949
 5 -0.482519     24 -0.137376     43 -0.152253     62 -0.332144
 6 -0.523183     25 -0.639542     44 -0.146548     63 -0.0928017
 7 -0.67789      26 -0.642118     45 -0.0201619    64 -0.109285
 8 -0.639027     27 -0.57368      46  0.0893566    65 -0.0405528
 9 -0.420247     28 -0.676102     47 -0.137192     66 -0.0226638
10 -0.464869     29 -0.684912     48 -0.30391      67 -0.117368
11 -0.293724     30 -0.725079     49 -0.594921     68 -0.108691
12 -0.283518     31 -0.973103     50 -0.598405     69  0
13 -0.2339       32 -0.894757     51 -0.500621     70  0.106457
14 -0.195793     33 -0.623398     52 -0.634997     71 -0.0976994
15  0.00391768   34 -0.66638      53 -0.646239     72 -0.249836
16 -0.00875986   35 -0.481701     54 -0.689864     73 -0.0825704
17  0.0576949    36 -0.469588     55 -0.937361
18  0.0755255    37 -0.432081     56 -0.859016
19 -0.0236475    38 -0.360488     57 -0.584429
;

gen_supply [*] :=
 1 0         18 0         35 0         52 0         69 0.76      86 0
 2 0         19 0         36 0.76      53 0         70 0.76      87 1.55
 3 0.76      20 0         37 0.76      54 1.55      71 0         88 1.55
 4 0.76      21 1.55      38 0         55 1.55      72 0         89 4
 5 0         22 1.55      39 0         56 4         73 0.76      90 4
 6 0         23 4         40 0.76      57 4         74 0.76      91 0.5
 7 0.76      24 4         41 0.76      58 0.5       75 0         92 0.5
 8 0.76      25 0.5       42 0         59 0.5       76 0         93 0.5
 9 0         26 0.5       43 0         60 0.5       77 0         94 0.5
10 0         27 0.5       44 0         61 0.5       78 1.97      95 0.5
11 0         28 0.5       45 1.97      62 0.5       79 1.06472   96 0.5
12 1.97      29 0.5       46 1.97      63 0.5       80 1.97      97 1.55
13 1.97      30 0.5       47 1.97      64 1.55      81 0         98 1.55
14 1.97      31 1.55      48 0         65 1.55      82 0         99 3.5
15 0         32 1.55      49 0         66 3.5       83 0
16 0         33 3.5       50 0         67 0         84 0
17 0         34 0         51 0         68 0         85 0
;

line_flow [*] :=
  1  0.193954     31  0.647288     61 -0.781411     91 -1.66416
  2 -0.348638     32 -1.27361      62 -3.42677      92 -1.36455
  3  0.543789     33 -1.31669      63 -3.38952      93 -1.53394
  4  0.267393     34 -0.318983     64 -3.72437      94 -1.69654
  5  0.43839      35 -0.318983     65  0.331014     95 -2.12246
  6  0.483301     36 -0.0690327    66 -2.34615      96 -2.28506
  7 -2.68283      37 -0.0690327    67 -2.34615      97 -0.751832
  8 -0.506961     38 -0.35171      68  3.2459       98 -2.93892
  9 -0.200564     39 -0.35171      69 -3.37783      99 -0.467284
 10 -0.955964     40 -1.64895      70  0.50012     100 -3.54867
 11 -0.637091     41  0.537543     71 -1.51956     101 -3.69875
 12 -0.647263     42  0.184023     72 -1.35508     102 -3.77728
 13 -1.32594      43 -0.312141     73 -0.441959    103  0.969577
 14 -1.0555       44  0.533764     74 -0.441959    104 -1.89391
 15 -1.50623      45  0.267585     75 -0.142617    105 -1.89391
 16 -1.62773      46  0.432084     76 -0.142617    106  3.01989
 17 -2.03744      47  0.417794     77 -0.425294    107 -2.64353
 18 -2.15894      48 -3.21155      78 -0.425294    108  0.351476
 19 -1.24633      49 -0.506768     79 -1.61057     109 -1.27778
 20 -2.33169      50 -0.21059      80  0.248826    110 -1.4001
 21 -1.03371      51 -0.96227      81 -0.446919    111 -0.871685
 22 -2.78731      52 -1.28435      82  0.603739    112 -0.871685
 23 -2.53737      53 -1.6446       83  0.288126    113 -0.216939
 24 -1.31702      54 -1.3841       84  0.476347    114 -0.216939
 25 -3.17005      55 -1.68687      85  0.704267    115 -0.499616
 26  0.745738     56 -1.83107      86 -2.98554     116 -0.499616
 27 -1.63064      57 -2.19856      87 -0.486228    117 -1.56555
 28 -1.63064      58 -2.34276      88 -0.140614    118 -1.71535
 29  2.71719      59 -1.03376      89 -0.918007    119  1.10123
 30 -2.55595      60 -2.88602      90 -1.28435     120 -1.681
;

Cost = 202221

dTloss = 9.24716e-10

iter = 7

_solve_system_time = 0

_solve_user_time = 0

_total_solve_time = 0.25


Presolve eliminates 339 constraints and 439 variables.
Adjusted problem:
289 variables, all linear
193 constraints, all linear; 696 nonzeros
	193 equality constraints
1 linear objective; 78 nonzeros.

PowerBal.dual [*] :=
 1 7475   11 7475   21 7475   31 7475   41 7475   51 7475   61 7475   71 7475
 2 7475   12 7475   22 7475   32 7475   42 7475   52 7475   62 7475   72 7475
 3 7475   13 7475   23 7475   33 7475   43 7475   53 7475   63 7475   73 7475
 4 7475   14 7475   24 7475   34 7475   44 7475   54 7475   64 7475
 5 7475   15 7475   25 7475   35 7475   45 7475   55 7475   65 7475
 6 7475   16 7475   26 7475   36 7475   46 7475   56 7475   66 7475
 7 7475   17 7475   27 7475   37 7475   47 7475   57 7475   67 7475
 8 7475   18 7475   28 7475   38 7475   48 7475   58 7475   68 7475
 9 7475   19 7475   29 7475   39 7475   49 7475   59 7475   69 7475
10 7475   20 7475   30 7475   40 7475   50 7475   60 7475   70 7475
;

PlossBus [*] :=
 1 0.006257      20 0.000728645   39 0.0650055     58 0.0193858
 2 0.0001079     21 0.0240249     40 0.033974      59 0.0458677
 3 0.0143262     22 0             41 0.0325787     60 0.148665
 4 0.00870959    23 0             42 0.00115655    61 0.146846
 5 0.00696204    24 0.0506775     43 0.000938066   62 0.0705377
 6 0.0211442     25 0.005016      44 0.00106543    63 0.0423766
 7 0.0225352     26 9.71333e-05   45 0.0229205     64 0.0225356
 8 0.115255      27 0.0204917     46 0             65 0.030116
 9 0.0165955     28 0.00870784    47 0.0155058     66 0.00449892
10 0.0175687     29 0.00682811    48 0.0722668     67 0.000827786
11 0.0359566     30 0.0210482     49 0.010279      68 0.00147034
12 0.0975774     31 0.0246815     50 0.000177589   69 0.0216583
13 0.0864525     32 0.185043      51 0.0177236     70 0
14 0.0497425     33 0.0174331     52 0.00854492    71 0
15 0.0314197     34 0.0205699     53 0.00793959    72 0.0625733
16 0.0204311     35 0.0473253     54 0.0218224     73 0.0346969
17 0.0269889     36 0.141122      55 0.0246815
18 0.000602475   37 0.12349       56 0.185471
19 0.00128282    38 0.0685836     57 0.0248304
;

sum{i in BRANCH} PlossLine[i] = 2.54472

sum{i in BUS} PlossBus[i] = 2.54472

line_PlossTest [*] :=
  1 0    13 0    25 0    37 0    49 0    61 0    73 0    85 0    97 0   109 0
  2 0    14 0    26 0    38 0    50 0    62 0    74 0    86 0    98 0   110 0
  3 0    15 0    27 0    39 0    51 0    63 0    75 0    87 0    99 0   111 0
  4 0    16 0    28 0    40 0    52 0    64 0    76 0    88 0   100 0   112 0
  5 0    17 0    29 0    41 0    53 0    65 0    77 0    89 0   101 0   113 0
  6 0    18 0    30 0    42 0    54 0    66 0    78 0    90 0   102 0   114 0
  7 0    19 0    31 0    43 0    55 0    67 0    79 0    91 0   103 0   115 0
  8 0    20 0    32 0    44 0    56 0    68 0    80 0    92 0   104 0   116 0
  9 0    21 0    33 0    45 0    57 0    69 0    81 0    93 0   105 0   117 0
 10 0    22 0    34 0    46 0    58 0    70 0    82 0    94 0   106 0   118 0
 11 0    23 0    35 0    47 0    59 0    71 0    83 0    95 0   107 0   119 0
 12 0    24 0    36 0    48 0    60 0    72 0    84 0    96 0   108 0   120 0
;
