ampl: model LossyDCOPF_M1.mod;

Presolve eliminates 339 constraints and 3 variables.
Adjusted problem:
2042 variables, all linear
386 constraints, all linear; 4428 nonzeros
	386 equality constraints
1 linear objective; 78 nonzeros.

Gurobi 9.1.1: mipgap = 0.0
Gurobi 9.1.1: optimal solution; objective 201841.0637
242 simplex iterations
_solve_system_time = 0.046875

_solve_user_time = 0

_total_solve_time = 0.046875

Cost = 201841

bus_angle [*] :=
 1 -0.393725      20 -0.00370298    39 -0.0830684     58 -0.464615
 2 -0.39649       21  0.126571      40 -0.0784054     59 -0.328026
 3 -0.323801      22  0.237778      41 -0.0021842     60 -0.318189
 4 -0.432694      23  0.000346416   42  0.0198468     61 -0.328026
 5 -0.44182       24 -0.101438      43 -0.0781739     62 -0.212348
 6 -0.484498      25 -0.467004      44 -0.0627631     63  0.0201442
 7 -0.413063      26 -0.469267      45  0.0317294     64  0.00152143
 8 -0.47133       27 -0.413063      46  0.142214      65  0.0690351
 9 -0.383464      28 -0.50407       47 -0.0482521     66  0.0861945
10 -0.427578      29 -0.511863      48 -0.210734      67 -0.0117034
11 -0.29123       30 -0.552654      49 -0.428621      68 -0.00799014
12 -0.284837      31 -0.449671      50 -0.431549      69  0.110501
13 -0.283068      32 -0.521479      51 -0.353503      70  0.218017
14 -0.182513      33 -0.453693      52 -0.468208      71  0
15  0.0391395     34 -0.49427       53 -0.477768      72 -0.124629
16  0.0211501     35 -0.364038      54 -0.521059      73  0.0105938
17  0.0944942     36 -0.348642      55 -0.469632
18  0.115578      37 -0.348642      56 -0.519351
19 -0.000305238   38 -0.266254      57 -0.419351
;

gen_supply [*] :=
 1 0           21 1.55        41 0.76        61 0.5         81 0
 2 0           22 1.55        42 1           62 0.5         82 0
 3 0.76        23 4           43 0.427175    63 0.5         83 0
 4 0.76        24 4           44 1           64 1.55        84 0
 5 0           25 0.5         45 0.506147    65 1.55        85 0
 6 0           26 0.5         46 1.97        66 3.5         86 0
 7 0.76        27 0.5         47 1.97        67 0           87 1.55
 8 0.76        28 0.5         48 0           68 0           88 1.55
 9 1           29 0.5         49 0           69 0.76        89 4
10 0.205185    30 0.5         50 0           70 0.76        90 4
11 1           31 1.55        51 0           71 0           91 0.5
12 1.91824     32 1.55        52 0           72 0           92 0.5
13 0           33 3.5         53 0           73 0.76        93 0.5
14 0           34 0           54 1.55        74 0.76        94 0.5
15 0           35 0           55 1.55        75 0.0650565   95 0.5
16 0           36 0.76        56 4           76 1           96 0.5
17 0           37 0.76        57 4           77 1           97 1.55
18 0           38 0           58 0.5         78 0           98 1.55
19 0           39 0           59 0.5         79 1.97        99 3.5
20 0           40 0.76        60 0.5         80 1.66241
;

line_flow [*] :=
  1  0.197487     31  0.932841     61  0            91 -0.606061
  2 -0.331393     32 -1.50599      62 -3.09681      92 -0.331735
  3  0.565824     33 -1.36461      63 -3.45276      93 -1.08719
  4  0.285069     34 -0.422804     64 -3.18387      94 -1.20431
  5  0.458375     35 -0.422804     65 -0.274295     95 -1.62605
  6  0.501363     36  0.0849434    66 -2.34281      96 -1.74316
  7 -2.64718      37  0.0849434    67 -2.34281      97  0
  8 -0.473368     38 -0.184063     68  2.45511      98 -2.75426
  9 -0.161847     39 -0.184063     69 -2.93159      99  0.204952
 10 -0.933121     40 -1.63539      70 -0.010065    100 -3.2803
 11  0.955185     41  0.0341975    71 -1.57365     101 -3.77042
 12  0            42  0.161655     72 -1.37522     102 -3.6249
 13 -0.532522     43 -0.255643     73 -0.457023    103  1.09545
 14 -0.265164     44  0.527753     74 -0.457023    104 -1.84401
 15 -1.09802      45  0.274038     75 -0.38527     105 -1.84401
 16 -1.17413      46  0.434308     76 -0.38527     106  2.78411
 17 -1.62319      47  0.341422     77 -0.659593    107 -2.59668
 18 -1.6993       48 -2.40868      78 -0.659593    108  0.574991
 19 -0.170025     49 -0.484398     79 -1.62478     109 -1.22567
 20 -2.58848      50 -0.199925     80  0.209132    110 -1.41888
 21 -0.0368434    51 -0.957126     81 -0.35601     111 -0.93485
 22 -2.94003      52  1.17718      82  0.578196    112 -0.93485
 23 -3.25764      53 -0.410824     83  0.288654    113 -0.0928303
 24 -2.66667      54 -0.164903     84  0.466197    114 -0.0928303
 25 -3.45192      55 -1.06732      85  0.55334     115 -0.363188
 26  1.0582       56 -1.2506       86 -2.72469     116 -0.363188
 27 -1.78431      57 -1.55038      87 -0.469783    117 -1.58112
 28 -1.78431      58 -1.73366      88 -0.149472    118 -1.19564
 29  2.70341      59 -0.320748     89 -0.92532     119  1.29276
 30 -2.82093      60 -2.32819      90  0.815057    120 -1.17709
;

line_PlossTest [*] :=
  1 0    13 0    25 0    37 0    49 0    61 0    73 0    85 0    97 0   109 0
  2 0    14 0    26 0    38 0    50 0    62 0    74 0    86 0    98 0   110 0
  3 0    15 0    27 0    39 0    51 0    63 0    75 0    87 0    99 0   111 0
  4 0    16 0    28 0    40 0    52 0    64 0    76 0    88 0   100 0   112 0
  5 0    17 0    29 0    41 0    53 0    65 0    77 0    89 0   101 0   113 0
  6 0    18 0    30 0    42 0    54 0    66 0    78 0    90 0   102 0   114 0
  7 0    19 0    31 0    43 0    55 0    67 0    79 0    91 0   103 0   115 0
  8 0    20 0    32 0    44 0    56 0    68 0    80 0    92 0   104 0   116 0
  9 0    21 0    33 0    45 0    57 0    69 0    81 0    93 0   105 0   117 0
 10 0    22 0    34 0    46 0    58 0    70 0    82 0    94 0   106 0   118 0
 11 0    23 0    35 0    47 0    59 0    71 0    83 0    95 0   107 0   119 0
 12 0    24 0    36 0    48 0    60 0    72 0    84 0    96 0   108 0   120 0
;


Presolve eliminates 339 constraints and 123 variables.
Adjusted problem:
2042 variables, all linear
386 constraints, all linear; 4428 nonzeros
	386 equality constraints
1 linear objective; 78 nonzeros.

PowerBal.dual [*] :=
 1 7465.42   14 7249.03   27 7418.86   40 7114.14   53 7631.39   66 6738.53
 2 7613.09   15 6827.82   28 7794.74   41 7050.86   54 7679.92   67 6999.91
 3 7281.37   16 6922.2    29 7721.65   42 6964.09   55 7564      68 6926.25
 4 7761.03   17 6852.32   30 7757.83   43 7036.42   56 7754.14   69 6687.95
 5 7702.59   18 6772.18   31 7564      44 6961.58   57 7456.03   70 6477.78
 6 7751.46   19 7013.52   32 7754.14   45 6895.88   58 7497.12   71 6840.44
 7 7564      20 7102.12   33 7567.52   46 6685.68   59 7466.64   72 7102.94
 8 7748.78   21 6709.73   34 7562.61   47 6874.89   60 7414.95   73 6850.51
 9 7539.01   22 6502.11   35 7518.13   48 7402.26   61 7475
10 7566.55   23 7007.81   36 7490.59   49 7395.94   62 7200.97
11 7531.03   24 7142.74   37 7475      50 7541.58   63 6801.19
12 7525.69   25 7505.8    38 7375.72   51 7222.14   64 6895.92
13 7475      26 7651.32   39 7153.65   52 7681.28   65 6821.53
;

bus_Ploss [*] :=
 1 0.00808188   16 0.044364     31 0            46 0            61 0.157778
 2 0.00404271   17 0.049666     32 0.042903     47 0.0240031    62 0.0666379
 3 0.0144271    18 0.0096208    33 0.0141176    48 0.0464212    63 0.0444552
 4 0.0184368    19 0.011954     34 0.0120811    49 0.00868223   64 0.0422446
 5 0.0176703    20 0.00701333   35 0.0312509    50 0.00428108   65 0.0478689
 6 0.0314968    21 0.025517     36 0.112544     51 0.0153394    66 0.0212723
 7 0            22 0            37 0.128159     52 0.0184369    67 0.00965142
 8 0.0428717    23 0            38 0.0516779    53 0.0176676    68 0.00971621
 9 0.0176228    24 0.0562295    39 0.074149     54 0.0315174    69 0.0234081
10 0.0123545    25 0.00623451   40 0.0334827    55 0            70 0
11 0.037294     26 0.0033092    41 0.0514815    56 0.0428519    71 0
12 0.103456     27 0.0116201    42 0.0103994    57 0.0190012    72 0.059417
13 0.185679     28 0.0184366    43 0.00947568   58 0.0126867    73 0.0185469
14 0.0594392    29 0.0176784    44 0.0176458    59 0.0410167
15 0.0430161    30 0.0314332    45 0.0251044    60 0.127871
;

sum{i in BUS} bus_Ploss[i] = 2.41421

line_PlossTest [*] :=
  1 0    13 0    25 0    37 0    49 0    61 0    73 0    85 0    97 0   109 0
  2 0    14 0    26 0    38 0    50 0    62 0    74 0    86 0    98 0   110 0
  3 0    15 0    27 0    39 0    51 0    63 0    75 0    87 0    99 0   111 0
  4 0    16 0    28 0    40 0    52 0    64 0    76 0    88 0   100 0   112 0
  5 0    17 0    29 0    41 0    53 0    65 0    77 0    89 0   101 0   113 0
  6 0    18 0    30 0    42 0    54 0    66 0    78 0    90 0   102 0   114 0
  7 0    19 0    31 0    43 0    55 0    67 0    79 0    91 0   103 0   115 0
  8 0    20 0    32 0    44 0    56 0    68 0    80 0    92 0   104 0   116 0
  9 0    21 0    33 0    45 0    57 0    69 0    81 0    93 0   105 0   117 0
 10 0    22 0    34 0    46 0    58 0    70 0    82 0    94 0   106 0   118 0
 11 0    23 0    35 0    47 0    59 0    71 0    83 0    95 0   107 0   119 0
 12 0    24 0    36 0    48 0    60 0    72 0    84 0    96 0   108 0   120 0
;